0,0.00102922,0,0.0370399,0,0,0.0380691
1,0.00102727,0.00040122,0.0325171,0.00321584,0,0.0371614
2,0.00103967,0.00382849,0.0241506,0.0047403,0,0.0337591
3,0.0010721,0.0097911,0.0178892,0.00216584,0,0.0309182
4,0.00120612,0.0133787,0.0152195,0.000302154,0,0.0301065
5,0.00150467,0.0122945,0.0153277,0.000429248,0,0.0295561
6,0.00184288,0.0087971,0.0169115,0.000870532,0,0.028422
7,0.00214517,0.00567188,0.018552,0.000843003,0,0.0272121
8,0.00244669,0.00393841,0.0190164,0.000921107,0,0.0263226
9,0.00287679,0.00328186,0.0177903,0.00165032,0,0.0255993
10,0.00347129,0.00314717,0.0151411,0.00302714,0,0.0247867
11,0.00424399,0.0030375,0.0117069,0.0047461,0,0.0237345
12,0.019605,6.81414,0.000232856,0.633137,0,7.46711
0,0.00102922,0,0.0185199,0,0,0.0195492
1,0.00102711,0.000102566,0.0173556,0.000842107,0,0.0193274
2,0.00103131,0.00103354,0.0149702,0.00140594,0,0.018441
3,0.00103376,0.00287468,0.0128425,0.000820095,0,0.017571
4,0.00104026,0.004391,0.0116707,0.000144354,0,0.0172463
5,0.00104567,0.00463285,0.0114967,3.98423e-05,0,0.0172151
6,0.00105124,0.0038106,0.0120451,0.000211307,0,0.0171183
7,0.00106043,0.00272018,0.0129059,0.000241335,0,0.0169279
8,0.00106691,0.00194133,0.0136562,0.000122362,0,0.0167868
9,0.00107182,0.00160994,0.0140142,4.41554e-05,0,0.0167401
10,0.0010793,0.00164087,0.0139356,6.81003e-05,0,0.0167239
11,0.00109396,0.00189956,0.0135678,0.000123923,0,0.0166852
12,0.00112161,0.00221866,0.0131165,0.000167007,0,0.0166237
13,0.00117168,0.00241896,0.0127266,0.000226218,0,0.0165435
14,0.00126079,0.00238771,0.0124266,0.000342096,0,0.0164172
15,0.00140776,0.00213679,0.0121325,0.000527082,0,0.0162042
16,0.00162583,0.00177801,0.0116959,0.000785395,0,0.0158851
17,0.00192049,0.00143922,0.0109772,0.00113998,0,0.0154769
18,0.00229133,0.00119329,0.00991459,0.00161694,0,0.0150161
19,0.00273723,0.00104647,0.00854989,0.00219741,0,0.014531
20,0.00325084,0.000972558,0.00700542,0.00282146,0,0.0140503
21,0.00381076,0.000943147,0.00543552,0.00342395,0,0.0136134
22,0.0043865,0.000933235,0.00398139,0.00395935,0,0.0132605
23,0.00494934,0.000913968,0.00274254,0.00441641,0,0.0130223
24,0.00773674,0.0271398,0.0013035,0.024956,0,0.0611361
0,0.00102922,0,0.0185199,0,0,0.0195492
1,0.037044,1.56366e+06,6113.73,4.68864e+06,0,6.25841e+06
0,0.00102922,0,0.0185199,0,0,0.0195492
1,0.00102711,0.000102571,0.0173556,0.000842103,0,0.0193274
2,0.00103131,0.00103355,0.0149702,0.00140593,0,0.0184409
3,0.00103376,0.00287469,0.0128425,0.000820085,0,0.017571
4,0.00104026,0.00439099,0.0116707,0.000144354,0,0.0172463
5,0.00104567,0.00463283,0.0114967,3.98447e-05,0,0.0172151
6,0.00105124,0.00381059,0.0120451,0.000211307,0,0.0171183
7,0.00106044,0.00272019,0.0129059,0.000241335,0,0.0169279
8,0.00106691,0.00194136,0.0136562,0.000122364,0,0.0167868
9,0.00107183,0.00160997,0.0140142,4.41594e-05,0,0.0167401
10,0.0010793,0.0016409,0.0139355,6.81039e-05,0,0.0167238
11,0.00109397,0.00189957,0.0135677,0.000123928,0,0.0166852
12,0.00112163,0.00221864,0.0131164,0.000167024,0,0.0166237
13,0.00117171,0.00241888,0.0127266,0.000226254,0,0.0165434
14,0.00126085,0.00238753,0.0124266,0.000342153,0,0.0164171
15,0.00140786,0.00213651,0.0121324,0.000527156,0,0.0162039
16,0.00162597,0.00177771,0.0116956,0.000785482,0,0.0158848
17,0.00192065,0.00143906,0.0109768,0.00114009,0,0.0154766
18,0.00229146,0.00119338,0.00991399,0.00161708,0,0.0150159
19,0.00273731,0.00104676,0.00854924,0.00219754,0,0.0145308
20,0.00325089,0.000972933,0.00700485,0.00282151,0,0.0140502
21,0.00381077,0.000943488,0.00543509,0.00342389,0,0.0136132
22,0.00438649,0.000933499,0.00398112,0.00395921,0,0.0132603
23,0.00494581,0.00092028,0.00274149,0.0044144,0,0.013022
24,0.00545351,0.000886723,0.00176255,0.0048096,0,0.0129124
25,0.00587512,0.000824617,0.00104484,0.00518849,0,0.0129331
26,0.00618546,0.000731328,0.000556813,0.00560079,0,0.0130744
27,0.00638491,0.00060111,0.000250553,0.006079,0,0.0133156
28,0.00655447,0.000426038,7.84621e-05,0.00657922,0,0.0136382
29,0.00666404,0.000251357,6.12108e-06,0.00707906,0,0.0140006
30,0.00673982,0.000104494,1.21554e-05,0.00767668,0,0.0145331
31,0.00668141,4.69684e-05,8.29005e-05,0.007731,0,0.0145423
32,0.00646674,2.47869e-05,0.000208281,0.00800948,0,0.0147093
33,0.00937589,0.29384,0.00015484,0.0378376,0,0.341208
0,0.00102922,0,0.00925997,0,0,0.0102892
1,0.00102705,2.60392e-05,0.00896434,0.00021878,0,0.0102362
2,0.00102907,0.0002693,0.00832637,0.000385154,0,0.0100099
3,0.0010293,0.000781015,0.00770465,0.000254375,0,0.00976934
4,0.00102867,0.00125832,0.00731436,6.29499e-05,0,0.00966431
5,0.00102972,0.00140767,0.00720904,4.58275e-06,0,0.00965102
6,0.00102946,0.00122755,0.00733393,4.57315e-05,0,0.00963667
7,0.00103005,0.000916198,0.00757826,6.81657e-05,0,0.00959267
8,0.00102959,0.000656865,0.00782107,4.37407e-05,0,0.00955127
9,0.00102928,0.00051656,0.00797479,1.35765e-05,0,0.00953421
10,0.0010295,0.000486755,0.00800906,6.26357e-06,0,0.00953158
11,0.0010295,0.000538649,0.00794575,1.4606e-05,0,0.0095285
12,0.00102978,0.000635553,0.00783675,1.85477e-05,0,0.00952063
13,0.00103009,0.000733366,0.00773511,1.46162e-05,0,0.00951319
14,0.00103035,0.000794672,0.00767368,1.07798e-05,0,0.00950948
15,0.00103073,0.000804996,0.00766039,1.11389e-05,0,0.00950725
16,0.00103129,0.000774666,0.00768429,1.37943e-05,0,0.00950404
17,0.00103184,0.000727734,0.00772421,1.60226e-05,0,0.00949981
18,0.00103254,0.000686699,0.00775897,1.73006e-05,0,0.00949551
19,0.00103341,0.000663587,0.00777561,1.90579e-05,0,0.00949167
20,0.00103422,0.000660045,0.00777137,2.2386e-05,0,0.00948802
21,0.00103546,0.000670647,0.00775116,2.62206e-05,0,0.00948349
22,0.00103685,0.000686884,0.00772373,3.06585e-05,0,0.00947812
23,0.00103853,0.000700361,0.00769725,3.56464e-05,0,0.00947179
24,0.0010407,0.000705975,0.00767619,4.13268e-05,0,0.00946419
25,0.00104322,0.000702949,0.00766083,4.8318e-05,0,0.00945533
26,0.00104622,0.000693646,0.00764834,5.67146e-05,0,0.00944492
27,0.00104988,0.00068175,0.00763444,6.66176e-05,0,0.00943269
28,0.00105418,0.000670444,0.00761522,7.86806e-05,0,0.00941853
29,0.00105952,0.000661212,0.00758805,9.30099e-05,0,0.00940179
30,0.00106614,0.000653971,0.00755177,0.000110127,0,0.009382
31,0.00107412,0.000647483,0.00750625,0.000130879,0,0.00935873
32,0.00108387,0.000640024,0.00745146,0.000155905,0,0.00933126
33,0.00109583,0.000630088,0.0073868,0.000186083,0,0.0092988
34,0.00111058,0.000616667,0.00731082,0.000222404,0,0.00926046
35,0.00112857,0.00059954,0.00722094,0.000266593,0,0.00921564
36,0.00115052,0.000578945,0.00711373,0.000320241,0,0.00916344
37,0.00117728,0.000555325,0.00698516,0.000385013,0,0.00910278
38,0.00120958,0.000529144,0.00683094,0.000463427,0,0.00903309
39,0.00124826,0.000500681,0.00664684,0.000557723,0,0.00895351
40,0.00129404,0.000470216,0.00642886,0.000670215,0,0.00886333
41,0.00134751,0.000438056,0.00617358,0.00080332,0,0.00876247
42,0.00140898,0.00040464,0.00587843,0.000958438,0,0.00865049
43,0.00147839,0.000370609,0.00554211,0.00113729,0,0.0085284
44,0.00155537,0.000336598,0.0051651,0.00133988,0,0.00839695
45,0.00163918,0.00030311,0.00475003,0.0015655,0,0.00825782
46,0.00172877,0.000270553,0.00430175,0.00181239,0,0.00811347
47,0.00182295,0.00023909,0.0038274,0.00207682,0,0.00796626
48,0.00192048,0.000208807,0.0033359,0.0023544,0,0.00781959
49,0.00202036,0.000179747,0.00283772,0.00263831,0,0.00767614
50,0.00212186,0.000152098,0.00234444,0.00292111,0,0.00753951
51,0.00222451,0.000126177,0.00186844,0.00319309,0,0.00741221
52,0.00232775,0.000102506,0.00142259,0.00344424,0,0.00729709
53,0.0024307,8.17061e-05,0.00101984,0.00366427,0,0.00719651
54,0.00253161,6.43489e-05,0.000672429,0.00384425,0,0.00711264
55,0.00262793,5.06614e-05,0.000390918,0.00397769,0,0.0070472
56,0.00271739,4.03392e-05,0.00018302,0.00405907,0,0.00699982
57,0.00279944,3.27007e-05,5.28425e-05,0.00408174,0,0.00696672
58,0.00287612,2.70231e-05,1.09962e-06,0.00403583,0,0.00694007
59,0.00295128,2.28964e-05,2.59363e-05,0.00390933,0,0.00690944
60,0.00302798,2.03218e-05,0.000123453,0.00369532,0,0.00686708
61,0.00310618,1.95391e-05,0.000286952,0.00340028,0,0.00681296
62,0.00318245,2.08334e-05,0.000505522,0.00304669,0,0.00675549
63,0.00325176,2.44098e-05,0.000763531,0.00266795,0,0.00670765
64,0.00330999,3.02464e-05,0.00104171,0.00229987,0,0.00668182
65,0.00335581,3.79321e-05,0.00131948,0.00197279,0,0.00668601
66,0.00339143,4.66344e-05,0.00157747,0.00170523,0,0.00672076
67,0.00342047,5.55684e-05,0.00179917,0.00150215,0,0.00677736
68,0.00344396,6.47287e-05,0.00197161,0.00136196,0,0.00684225
69,0.0034603,7.42615e-05,0.00208537,0.00128358,0,0.00690351
70,0.00346865,8.27505e-05,0.00213479,0.00126363,0,0.00694982
71,0.00346993,8.73045e-05,0.00211837,0.00129463,0,0.00697023
72,0.00346586,8.58202e-05,0.00203897,0.00136818,0,0.00695882
73,0.00345767,7.88137e-05,0.00190368,0.00147684,0,0.00691701
74,0.00344596,6.87981e-05,0.00172314,0.00161396,0,0.00685186
75,0.0034471,5.65828e-05,0.00151086,0.00180334,0,0.00681788
76,0.00344061,4.44622e-05,0.0012802,0.0021271,0,0.00689238
77,0.00344621,3.60753e-05,0.00104588,0.00218384,0,0.006712
78,0.00348843,2.77265e-05,0.000818739,0.00245443,0,0.00678932
79,0.00348489,2.15413e-05,0.000610357,0.0027098,0,0.00682659
80,0.00351909,1.707e-05,0.00042814,0.0029976,0,0.0069619
81,0.00524358,0.0042545,0.000381467,0.00619771,0,0.0160773
82,0.00477146,0.000532623,0.000297515,0.00614477,0,0.0117464
83,0.00463216,4.03849e-06,0.000231059,0.00488167,0,0.00974892
84,0.0047873,1.52341e-05,0.000156018,0.00491726,0,0.00987581
85,0.00476948,4.17652e-06,7.97245e-05,0.00508645,0,0.00993983
86,0.00463282,8.05715e-06,2.57118e-05,0.0047599,0,0.00942648
87,0.00451434,1.9031e-05,1.91691e-06,0.00452352,0,0.0090588
88,0.0045483,3.28749e-05,3.68984e-06,0.00459811,0,0.00918298
89,0.00433369,1.75238e-06,2.48674e-05,0.00479748,0,0.00915779
90,0.00415901,3.51717e-08,6.23304e-05,0.00454063,0,0.00876201
91,0.00415999,2.77625e-05,0.000109587,0.00416327,0,0.00846061
92,0.00435898,5.91849e-05,0.000155778,0.00407124,0,0.00864518
93,0.00436344,1.26365e-05,0.000198659,0.00418269,0,0.00875743
94,0.00437495,3.72178e-06,0.00023964,0.00409008,0,0.00870839
95,0.00423059,6.87163e-06,0.000280478,0.00455414,0,0.00907208
96,0.00400016,2.19823e-05,0.000314488,0.00580886,0,0.0101455
97,0.00380021,6.71482e-05,0.000339363,0.00675085,0,0.0109576
98,0.00376363,0.000121411,0.000358762,0.00684759,0,0.0110914
99,0.0037298,0.000156682,0.000362216,0.00636559,0,0.0106143
100,0.00379481,0.000133149,0.000349503,0.00559794,0,0.0098754
0,0.00102922,0,0.00925997,0,0,0.0102892
1,0.00102704,2.11965e-05,0.00899309,0.000162056,0,0.0102034
2,0.00102968,0.000186676,0.0084782,0.000223731,0,0.00991829
3,0.00102972,0.000488096,0.00801567,0.000131761,0,0.00966525
4,0.00102943,0.000761155,0.0077221,4.24732e-05,0,0.00955516
5,0.00102996,0.000898303,0.00759585,7.20733e-06,0,0.00953131
6,0.00102968,0.000906203,0.00758773,5.43465e-06,0,0.00952905
7,0.00103008,0.000845966,0.00763945,7.53664e-06,0,0.00952303
8,0.00102975,0.000775376,0.00770342,7.08296e-06,0,0.00951563
9,0.00102959,0.000721791,0.00775389,5.43847e-06,0,0.0095107
10,0.0010297,0.000691026,0.00778313,4.1341e-06,0,0.00950799
11,0.00102972,0.000680517,0.00779222,4.04066e-06,0,0.00950649
12,0.00102992,0.00068313,0.00778776,4.26108e-06,0,0.00950507
13,0.00103017,0.000690896,0.00777787,4.57277e-06,0,0.00950351
14,0.00103042,0.000698935,0.0077675,5.02564e-06,0,0.00950188
15,0.00103073,0.00070492,0.00775892,5.51281e-06,0,0.00950009
16,0.00103113,0.000707662,0.00775324,6.0408e-06,0,0.00949807
17,0.00103156,0.000707725,0.00774983,6.74914e-06,0,0.00949586
18,0.00103211,0.000706537,0.00774721,7.50127e-06,0,0.00949335
19,0.00103272,0.000704873,0.00774457,8.37941e-06,0,0.00949054
20,0.0010334,0.000703098,0.00774149,9.44679e-06,0,0.00948743
21,0.00103423,0.000701575,0.00773748,1.05952e-05,0,0.00948388
22,0.00103515,0.000700351,0.00773244,1.19664e-05,0,0.00947991
23,0.00103624,0.0006992,0.00772644,1.35108e-05,0,0.0094754
24,0.00103751,0.000698032,0.00771945,1.5271e-05,0,0.00947027
25,0.00103897,0.000696751,0.00771143,1.73142e-05,0,0.00946446
26,0.00104065,0.000695242,0.0077023,1.96529e-05,0,0.00945784
27,0.00104261,0.000693477,0.00769188,2.23601e-05,0,0.00945032
28,0.00104486,0.000691412,0.00767996,2.55155e-05,0,0.00944174
29,0.00104751,0.00068898,0.00766629,2.91508e-05,0,0.00943193
30,0.00105062,0.000686153,0.00765054,3.33828e-05,0,0.0094207
31,0.00105427,0.00068286,0.00763237,3.83512e-05,0,0.00940785
32,0.00105857,0.000679044,0.00761133,4.41678e-05,0,0.00939311
33,0.00106364,0.000674675,0.00758686,5.10264e-05,0,0.0093762
34,0.00106964,0.000669614,0.00755837,5.91516e-05,0,0.00935678
35,0.00107677,0.000663708,0.00752517,6.88065e-05,0,0.00933445
36,0.00108526,0.000656861,0.00748632,8.03458e-05,0,0.00930879
37,0.0010954,0.00064892,0.00744076,9.42152e-05,0,0.00927929
38,0.00110754,0.000639693,0.0073872,0.000110982,0,0.00924541
39,0.00112214,0.000629,0.00732404,0.000131378,0,0.00920656
40,0.00113973,0.000616632,0.0072494,0.000156317,0,0.00916208
41,0.00116096,0.000602375,0.00716098,0.000186971,0,0.00911128
42,0.00118655,0.000586046,0.00705609,0.000224775,0,0.00905346
43,0.00121734,0.000567533,0.00693162,0.000271371,0,0.00898786
44,0.00125414,0.000546849,0.00678411,0.000328682,0,0.00891378
45,0.00129772,0.000524133,0.00660998,0.000398712,0,0.00883055
46,0.00134872,0.000499629,0.0064058,0.00048344,0,0.00873759
47,0.00140757,0.000473701,0.00616866,0.000584782,0,0.00863472
48,0.00147447,0.000446697,0.00589657,0.000704269,0,0.00852201
49,0.0015493,0.000418962,0.00558881,0.000842966,0,0.00840004
50,0.00163164,0.000390808,0.00524621,0.00100126,0,0.00826991
51,0.00172066,0.000362485,0.00487137,0.00117868,0,0.0081332
52,0.00181512,0.000334242,0.00446874,0.00137409,0,0.0079922
53,0.00191331,0.000306254,0.00404451,0.00158582,0,0.00784989
54,0.00201314,0.000278623,0.00360627,0.00181194,0,0.00770997
55,0.00211227,0.000251291,0.0031625,0.00205053,0,0.00757658
56,0.00220828,0.000224105,0.00272192,0.00229949,0,0.00745379
57,0.00229914,0.000196811,0.00229283,0.00255599,0,0.00734476
58,0.00238368,0.000169277,0.00188259,0.00281504,0,0.00725059
59,0.00246211,0.000141717,0.00149752,0.00306804,0,0.00716938
60,0.00253627,0.00011483,0.00114321,0.00330209,0,0.00709639
61,0.00260949,8.97976e-05,0.000825177,0.00350037,0,0.00702483
62,0.00268574,6.80304e-05,0.000549526,0.00364501,0,0.0069483
63,0.00276819,5.07395e-05,0.000323183,0.00372119,0,0.0068633
64,0.00285761,3.85986e-05,0.00015326,0.0037204,0,0.00676987
65,0.0029504,3.17927e-05,4.53785e-05,0.00364497,0,0.00667253
66,0.00303824,3.02884e-05,1.36289e-06,0.00351291,0,0.0065828
67,0.0031125,3.38206e-05,1.76297e-05,0.00335059,0,0.00651454
68,0.00317065,4.12519e-05,8.57997e-05,0.00317499,0,0.0064727
69,0.00321916,4.96967e-05,0.000195327,0.00298106,0,0.00644524
70,0.00326756,5.55835e-05,0.000335875,0.00275248,0,0.0064115
71,0.00331844,5.75129e-05,0.000497389,0.00249131,0,0.00636465
72,0.0033669,5.65391e-05,0.000668941,0.00222407,0,0.00631644
73,0.00340765,5.41604e-05,0.000838898,0.00197491,0,0.00627561
74,0.0034376,5.1528e-05,0.000996082,0.00175938,0,0.00624459
75,0.00345585,4.93302e-05,0.00113066,0.00158655,0,0.00622239
76,0.00346427,4.79444e-05,0.00123475,0.00145845,0,0.00620542
77,0.00346695,4.78053e-05,0.00130287,0.00137132,0,0.00618895
78,0.0034663,4.9422e-05,0.00133195,0.00132026,0,0.00616794
79,0.0034611,5.27527e-05,0.00132124,0.00130702,0,0.00614211
80,0.00344892,5.64481e-05,0.00127231,0.00133399,0,0.00611166
81,0.00342815,5.84184e-05,0.00118904,0.00139709,0,0.0060727
82,0.00339893,5.71822e-05,0.00107719,0.00149037,0,0.00602369
83,0.00336246,5.26296e-05,0.000943867,0.00160726,0,0.00596622
84,0.00332112,4.57701e-05,0.000797075,0.00173673,0,0.0059007
85,0.00328715,3.73418e-05,0.000645309,0.00186678,0,0.00583659
86,0.00324254,2.99228e-05,0.000496793,0.00206784,0,0.00583709
87,0.00320983,2.34746e-05,0.000358982,0.00213435,0,0.00572664
88,0.00317825,1.861e-05,0.000238035,0.00222772,0,0.00566261
89,0.00312648,1.5053e-05,0.000138979,0.00241171,0,0.00569222
90,0.00306911,1.38559e-05,6.59876e-05,0.00237894,0,0.00552789
91,0.0030335,1.33015e-05,1.9983e-05,0.00239032,0,0.0054571
92,0.00298636,1.3116e-05,7.46405e-07,0.00232255,0,0.00532277
93,0.00294503,1.30785e-05,7.02859e-06,0.00224088,0,0.00520602
94,0.00290097,1.32605e-05,3.6263e-05,0.00216382,0,0.00511431
95,0.00286554,1.32382e-05,8.51724e-05,0.00204113,0,0.00500507
96,0.00282695,1.36211e-05,0.000149149,0.00191279,0,0.00490251
97,0.00278258,1.43751e-05,0.000224204,0.00179046,0,0.00481162
98,0.0027495,1.50087e-05,0.000305768,0.00164254,0,0.00471282
99,0.00271294,1.61333e-05,0.000390151,0.00149418,0,0.0046134
100,0.00268312,1.72327e-05,0.000474369,0.00138209,0,0.00455681
