0,0.000115976,3.0322e-05,0.000646054,6.05646e-06,0,0.000798408
1,0.000115915,3.03131e-05,0.000645924,6.07032e-06,0,0.000798222
2,0.000115854,3.03042e-05,0.000645794,6.08421e-06,0,0.000798036
3,0.000115793,3.02953e-05,0.000645665,6.09814e-06,0,0.000797852
4,0.000115732,3.02865e-05,0.000645537,6.11209e-06,0,0.000797668
5,0.000115672,3.02777e-05,0.000645408,6.12608e-06,0,0.000797484
6,0.000115612,3.02689e-05,0.000645281,6.1401e-06,0,0.000797301
7,0.000115552,3.02602e-05,0.000645153,6.15414e-06,0,0.000797119
8,0.000115492,3.02515e-05,0.000645026,6.16821e-06,0,0.000796938
9,0.000115432,3.02428e-05,0.0006449,6.18232e-06,0,0.000796757
10,0.000115372,3.02342e-05,0.000644774,6.19645e-06,0,0.000796577
11,0.000115313,3.02256e-05,0.000644648,6.21061e-06,0,0.000796397
12,0.000115254,3.0217e-05,0.000644523,6.2248e-06,0,0.000796219
13,0.000115195,3.02084e-05,0.000644398,6.23901e-06,0,0.00079604
14,0.000115136,3.01999e-05,0.000644274,6.25326e-06,0,0.000795863
15,0.000115077,3.01914e-05,0.00064415,6.26753e-06,0,0.000795686
16,0.000115018,3.01829e-05,0.000644026,6.28183e-06,0,0.000795509
17,0.00011496,3.01744e-05,0.000643903,6.29616e-06,0,0.000795334
18,0.000114902,3.0166e-05,0.00064378,6.31052e-06,0,0.000795159
19,0.000114844,3.01575e-05,0.000643658,6.3249e-06,0,0.000794984
20,0.000114786,3.01492e-05,0.000643536,6.33931e-06,0,0.00079481
21,0.000114728,3.01408e-05,0.000643415,6.35375e-06,0,0.000794637
22,0.00011467,3.01324e-05,0.000643294,6.36822e-06,0,0.000794465
23,0.000114613,3.01241e-05,0.000643173,6.38272e-06,0,0.000794293
24,0.000114555,3.01158e-05,0.000643053,6.39724e-06,0,0.000794121
25,0.000114498,3.01076e-05,0.000642933,6.4118e-06,0,0.000793951
26,0.000114441,3.00993e-05,0.000642814,6.42638e-06,0,0.000793781
27,0.000114385,3.00911e-05,0.000642694,6.44099e-06,0,0.000793611
28,0.000114328,3.00829e-05,0.000642576,6.45562e-06,0,0.000793442
29,0.000114271,3.00748e-05,0.000642458,6.47029e-06,0,0.000793274
30,0.000114215,3.00667e-05,0.00064234,6.48498e-06,0,0.000793106
31,0.000114159,3.00586e-05,0.000642222,6.4997e-06,0,0.000792939
32,0.000114103,3.00505e-05,0.000642105,6.51445e-06,0,0.000792773
33,0.000114047,3.00425e-05,0.000641988,6.52922e-06,0,0.000792607
34,0.000113991,3.00345e-05,0.000641872,6.54402e-06,0,0.000792442
35,0.000113936,3.00265e-05,0.000641756,6.55884e-06,0,0.000792277
36,0.00011388,3.00186e-05,0.000641641,6.57369e-06,0,0.000792113
37,0.000113825,3.00106e-05,0.000641526,6.58857e-06,0,0.00079195
38,0.00011377,3.00027e-05,0.000641411,6.60347e-06,0,0.000791787
39,0.000113715,2.99948e-05,0.000641296,6.6184e-06,0,0.000791624
40,0.00011366,2.9987e-05,0.000641182,6.63335e-06,0,0.000791463
41,0.000113605,2.99792e-05,0.000641069,6.64833e-06,0,0.000791302
42,0.000113551,2.99713e-05,0.000640956,6.66334e-06,0,0.000791141
43,0.000113497,2.99636e-05,0.000640843,6.67837e-06,0,0.000790981
44,0.000113442,2.99558e-05,0.00064073,6.69343e-06,0,0.000790822
45,0.000113388,2.99481e-05,0.000640618,6.70851e-06,0,0.000790663
46,0.000113334,2.99403e-05,0.000640506,6.72362e-06,0,0.000790505
47,0.000113281,2.99327e-05,0.000640395,6.73875e-06,0,0.000790347
48,0.000113227,2.9925e-05,0.000640284,6.75391e-06,0,0.00079019
49,0.000113174,2.99173e-05,0.000640174,6.76909e-06,0,0.000790034
50,0.00011312,2.99097e-05,0.000640063,6.78431e-06,0,0.000789878
51,0.000113067,2.99021e-05,0.000639954,6.79954e-06,0,0.000789723
52,0.000113014,2.98946e-05,0.000639844,6.8148e-06,0,0.000789568
53,0.000112962,2.9887e-05,0.000639735,6.83009e-06,0,0.000789414
54,0.000112909,2.98795e-05,0.000639626,6.8454e-06,0,0.00078926
55,0.000112856,2.9872e-05,0.000639518,6.86073e-06,0,0.000789107
56,0.000112804,2.98646e-05,0.00063941,6.87609e-06,0,0.000788954
57,0.000112752,2.98571e-05,0.000639302,6.89148e-06,0,0.000788802
58,0.0001127,2.98497e-05,0.000639195,6.90689e-06,0,0.000788651
59,0.000112648,2.98423e-05,0.000639088,6.92232e-06,0,0.0007885
60,0.000112596,2.9835e-05,0.000638981,6.93777e-06,0,0.00078835
61,0.000112544,2.98276e-05,0.000638875,6.95325e-06,0,0.0007882
62,0.000112493,2.98203e-05,0.000638769,6.96876e-06,0,0.000788051
63,0.000112441,2.9813e-05,0.000638663,6.98428e-06,0,0.000787902
64,0.00011239,2.98058e-05,0.000638558,6.99983e-06,0,0.000787754
65,0.000112339,2.97985e-05,0.000638453,7.0154e-06,0,0.000787606
66,0.000112288,2.97913e-05,0.000638349,7.031e-06,0,0.000787459
67,0.000112237,2.97841e-05,0.000638245,7.04662e-06,0,0.000787313
68,0.000112187,2.97769e-05,0.000638141,7.06226e-06,0,0.000787167
69,0.000112136,2.97698e-05,0.000638037,7.07792e-06,0,0.000787021
70,0.000112086,2.97626e-05,0.000637934,7.09361e-06,0,0.000786876
71,0.000112036,2.97555e-05,0.000637832,7.10932e-06,0,0.000786732
72,0.000111986,2.97484e-05,0.000637729,7.12506e-06,0,0.000786588
73,0.000111936,2.97414e-05,0.000637627,7.14081e-06,0,0.000786445
74,0.000111886,2.97343e-05,0.000637525,7.15659e-06,0,0.000786302
75,0.000111836,2.97273e-05,0.000637424,7.17239e-06,0,0.00078616
76,0.000111787,2.97203e-05,0.000637323,7.18822e-06,0,0.000786018
77,0.000111737,2.97133e-05,0.000637222,7.20406e-06,0,0.000785877
78,0.000111688,2.97064e-05,0.000637122,7.21993e-06,0,0.000785736
79,0.000111639,2.96994e-05,0.000637022,7.23582e-06,0,0.000785596
80,0.00011159,2.96925e-05,0.000636922,7.25173e-06,0,0.000785456
81,0.000111541,2.96856e-05,0.000636823,7.26767e-06,0,0.000785317
82,0.000111493,2.96788e-05,0.000636724,7.28362e-06,0,0.000785179
83,0.000111444,2.96719e-05,0.000636625,7.2996e-06,0,0.00078504
84,0.000111396,2.96651e-05,0.000636526,7.31559e-06,0,0.000784903
85,0.000111347,2.96583e-05,0.000636428,7.33161e-06,0,0.000784766
86,0.000111299,2.96516e-05,0.000636331,7.34765e-06,0,0.000784629
87,0.000111251,2.96448e-05,0.000636233,7.36372e-06,0,0.000784493
88,0.000111204,2.96381e-05,0.000636136,7.3798e-06,0,0.000784357
89,0.000111156,2.96314e-05,0.000636039,7.3959e-06,0,0.000784222
90,0.000111108,2.96247e-05,0.000635943,7.41202e-06,0,0.000784088
91,0.000111061,2.9618e-05,0.000635847,7.42817e-06,0,0.000783954
92,0.000111014,2.96114e-05,0.000635751,7.44433e-06,0,0.00078382
93,0.000110966,2.96047e-05,0.000635655,7.46052e-06,0,0.000783687
94,0.000110919,2.95981e-05,0.00063556,7.47673e-06,0,0.000783554
95,0.000110872,2.95915e-05,0.000635465,7.49295e-06,0,0.000783422
96,0.000110826,2.9585e-05,0.000635371,7.5092e-06,0,0.000783291
97,0.000110779,2.95784e-05,0.000635277,7.52547e-06,0,0.000783159
98,0.000110733,2.95719e-05,0.000635183,7.54176e-06,0,0.000783029
99,0.000110686,2.95654e-05,0.000635089,7.55806e-06,0,0.000782899
100,0.00011064,2.95589e-05,0.000634996,7.57439e-06,0,0.000782769
101,0.000110594,2.95524e-05,0.000634903,7.59074e-06,0,0.00078264
102,0.000110548,2.9546e-05,0.00063481,7.60711e-06,0,0.000782511
103,0.000110502,2.95396e-05,0.000634718,7.6235e-06,0,0.000782383
104,0.000110456,2.95332e-05,0.000634626,7.63991e-06,0,0.000782255
105,0.000110411,2.95268e-05,0.000634534,7.65634e-06,0,0.000782128
106,0.000110365,2.95205e-05,0.000634442,7.67278e-06,0,0.000782001
107,0.00011032,2.95141e-05,0.000634351,7.68925e-06,0,0.000781875
108,0.000110275,2.95078e-05,0.00063426,7.70574e-06,0,0.000781749
109,0.00011023,2.95015e-05,0.00063417,7.72224e-06,0,0.000781623
110,0.000110185,2.94952e-05,0.00063408,7.73877e-06,0,0.000781498
111,0.00011014,2.9489e-05,0.00063399,7.75531e-06,0,0.000781374
112,0.000110095,2.94828e-05,0.0006339,7.77188e-06,0,0.00078125
113,0.000110051,2.94765e-05,0.000633811,7.78846e-06,0,0.000781126
114,0.000110006,2.94703e-05,0.000633721,7.80506e-06,0,0.000781003
115,0.000109962,2.94642e-05,0.000633633,7.82168e-06,0,0.000780881
116,0.000109918,2.9458e-05,0.000633544,7.83832e-06,0,0.000780759
117,0.000109874,2.94519e-05,0.000633456,7.85497e-06,0,0.000780637
118,0.00010983,2.94458e-05,0.000633368,7.87165e-06,0,0.000780516
119,0.000109786,2.94397e-05,0.000633281,7.88834e-06,0,0.000780395
120,0.000109743,2.94336e-05,0.000633193,7.90506e-06,0,0.000780274
121,0.000109699,2.94275e-05,0.000633106,7.92179e-06,0,0.000780155
122,0.000109656,2.94215e-05,0.000633019,7.93854e-06,0,0.000780035
123,0.000109612,2.94155e-05,0.000632933,7.95531e-06,0,0.000779916
124,0.000109569,2.94095e-05,0.000632847,7.97209e-06,0,0.000779798
125,0.000109526,2.94035e-05,0.000632761,7.9889e-06,0,0.00077968
126,0.000109483,2.93975e-05,0.000632675,8.00572e-06,0,0.000779562
127,0.000109441,2.93916e-05,0.00063259,8.02256e-06,0,0.000779445
128,0.000109398,2.93857e-05,0.000632505,8.03942e-06,0,0.000779328
129,0.000109355,2.93798e-05,0.00063242,8.05629e-06,0,0.000779212
130,0.000109313,2.93739e-05,0.000632336,8.07318e-06,0,0.000779096
131,0.000109271,2.9368e-05,0.000632252,8.09009e-06,0,0.00077898
132,0.000109228,2.93622e-05,0.000632168,8.10702e-06,0,0.000778865
133,0.000109186,2.93564e-05,0.000632084,8.12397e-06,0,0.000778751
134,0.000109144,2.93505e-05,0.000632001,8.14093e-06,0,0.000778637
135,0.000109103,2.93448e-05,0.000631918,8.15791e-06,0,0.000778523
136,0.000109061,2.9339e-05,0.000631835,8.1749e-06,0,0.00077841
137,0.000109019,2.93332e-05,0.000631752,8.19192e-06,0,0.000778297
138,0.000108978,2.93275e-05,0.00063167,8.20894e-06,0,0.000778184
139,0.000108937,2.93218e-05,0.000631588,8.22599e-06,0,0.000778072
140,0.000108895,2.93161e-05,0.000631506,8.24305e-06,0,0.000777961
141,0.000108854,2.93104e-05,0.000631425,8.26013e-06,0,0.00077785
142,0.000108813,2.93047e-05,0.000631343,8.27723e-06,0,0.000777739
143,0.000108773,2.92991e-05,0.000631263,8.29434e-06,0,0.000777629
144,0.000108732,2.92935e-05,0.000631182,8.31147e-06,0,0.000777519
145,0.000108691,2.92878e-05,0.000631101,8.32862e-06,0,0.000777409
146,0.000108651,2.92823e-05,0.000631021,8.34578e-06,0,0.0007773
147,0.00010861,2.92767e-05,0.000630941,8.36295e-06,0,0.000777191
148,0.00010857,2.92711e-05,0.000630862,8.38015e-06,0,0.000777083
149,0.00010853,2.92656e-05,0.000630783,8.39736e-06,0,0.000776975
150,0.00010849,2.92601e-05,0.000630703,8.41458e-06,0,0.000776868
151,0.00010845,2.92546e-05,0.000630625,8.43182e-06,0,0.000776761
152,0.00010841,2.92491e-05,0.000630546,8.44908e-06,0,0.000776654
153,0.000108371,2.92436e-05,0.000630468,8.46635e-06,0,0.000776548
154,0.000108331,2.92381e-05,0.00063039,8.48364e-06,0,0.000776442
155,0.000108292,2.92327e-05,0.000630312,8.50094e-06,0,0.000776337
156,0.000108252,2.92273e-05,0.000630234,8.51826e-06,0,0.000776232
157,0.000108213,2.92219e-05,0.000630157,8.53559e-06,0,0.000776128
158,0.000108174,2.92165e-05,0.00063008,8.55294e-06,0,0.000776023
159,0.000108135,2.92111e-05,0.000630003,8.57031e-06,0,0.00077592
160,0.000108096,2.92058e-05,0.000629927,8.58769e-06,0,0.000775816
161,0.000108057,2.92005e-05,0.000629851,8.60508e-06,0,0.000775713
162,0.000108019,2.91951e-05,0.000629774,8.62249e-06,0,0.000775611
163,0.00010798,2.91898e-05,0.000629699,8.63992e-06,0,0.000775508
164,0.000107942,2.91846e-05,0.000629623,8.65736e-06,0,0.000775407
165,0.000107903,2.91793e-05,0.000629548,8.67481e-06,0,0.000775305
166,0.000107865,2.91741e-05,0.000629473,8.69228e-06,0,0.000775204
167,0.000107827,2.91688e-05,0.000629398,8.70976e-06,0,0.000775104
168,0.000107789,2.91636e-05,0.000629324,8.72726e-06,0,0.000775003
169,0.000107751,2.91584e-05,0.000629249,8.74478e-06,0,0.000774904
170,0.000107713,2.91532e-05,0.000629175,8.7623e-06,0,0.000774804
171,0.000107676,2.91481e-05,0.000629101,8.77985e-06,0,0.000774705
172,0.000107638,2.91429e-05,0.000629028,8.7974e-06,0,0.000774606
173,0.000107601,2.91378e-05,0.000628955,8.81497e-06,0,0.000774508
174,0.000107563,2.91327e-05,0.000628881,8.83256e-06,0,0.00077441
175,0.000107526,2.91276e-05,0.000628809,8.85016e-06,0,0.000774312
176,0.000107489,2.91225e-05,0.000628736,8.86777e-06,0,0.000774215
177,0.000107452,2.91174e-05,0.000628664,8.8854e-06,0,0.000774118
178,0.000107415,2.91124e-05,0.000628591,8.90304e-06,0,0.000774022
179,0.000107378,2.91073e-05,0.00062852,8.9207e-06,0,0.000773926
180,0.000107342,2.91023e-05,0.000628448,8.93836e-06,0,0.00077383
181,0.000107305,2.90973e-05,0.000628376,8.95605e-06,0,0.000773735
182,0.000107269,2.90923e-05,0.000628305,8.97375e-06,0,0.00077364
183,0.000107232,2.90873e-05,0.000628234,8.99146e-06,0,0.000773545
184,0.000107196,2.90824e-05,0.000628164,9.00918e-06,0,0.000773451
185,0.00010716,2.90774e-05,0.000628093,9.02692e-06,0,0.000773357
186,0.000107124,2.90725e-05,0.000628023,9.04467e-06,0,0.000773264
187,0.000107088,2.90676e-05,0.000627953,9.06243e-06,0,0.000773171
188,0.000107052,2.90627e-05,0.000627883,9.08021e-06,0,0.000773078
189,0.000107016,2.90578e-05,0.000627813,9.098e-06,0,0.000772985
190,0.000106981,2.9053e-05,0.000627744,9.11581e-06,0,0.000772893
191,0.000106945,2.90481e-05,0.000627675,9.13362e-06,0,0.000772802
192,0.00010691,2.90433e-05,0.000627606,9.15146e-06,0,0.00077271
193,0.000106874,2.90385e-05,0.000627537,9.1693e-06,0,0.000772619
194,0.000106839,2.90337e-05,0.000627469,9.18716e-06,0,0.000772529
195,0.000106804,2.90289e-05,0.000627401,9.20503e-06,0,0.000772439
196,0.000106769,2.90241e-05,0.000627333,9.22291e-06,0,0.000772349
197,0.000106734,2.90194e-05,0.000627265,9.2408e-06,0,0.000772259
198,0.000106699,2.90146e-05,0.000627197,9.25871e-06,0,0.00077217
199,0.000106665,2.90099e-05,0.00062713,9.27663e-06,0,0.000772081
200,0.00010663,2.90052e-05,0.000627063,9.29456e-06,0,0.000771993
201,0.000106596,2.90005e-05,0.000626996,9.31251e-06,0,0.000771904
202,0.000106561,2.89958e-05,0.000626929,9.33047e-06,0,0.000771817
203,0.000106527,2.89911e-05,0.000626863,9.34843e-06,0,0.000771729
204,0.000106493,2.89865e-05,0.000626796,9.36642e-06,0,0.000771642
205,0.000106459,2.89819e-05,0.00062673,9.38441e-06,0,0.000771555
206,0.000106425,2.89772e-05,0.000626665,9.40242e-06,0,0.000771469
207,0.000106391,2.89726e-05,0.000626599,9.42044e-06,0,0.000771383
208,0.000106357,2.8968e-05,0.000626534,9.43847e-06,0,0.000771297
209,0.000106323,2.89635e-05,0.000626468,9.45651e-06,0,0.000771212
210,0.00010629,2.89589e-05,0.000626403,9.47456e-06,0,0.000771127
211,0.000106256,2.89543e-05,0.000626339,9.49263e-06,0,0.000771042
212,0.000106223,2.89498e-05,0.000626274,9.51071e-06,0,0.000770957
213,0.000106189,2.89453e-05,0.00062621,9.52879e-06,0,0.000770873
214,0.000106156,2.89408e-05,0.000626146,9.5469e-06,0,0.00077079
215,0.000106123,2.89363e-05,0.000626082,9.56501e-06,0,0.000770706
216,0.00010609,2.89318e-05,0.000626018,9.58313e-06,0,0.000770623
217,0.000106057,2.89273e-05,0.000625954,9.60127e-06,0,0.00077054
218,0.000106024,2.89229e-05,0.000625891,9.61941e-06,0,0.000770458
219,0.000105992,2.89184e-05,0.000625828,9.63757e-06,0,0.000770376
220,0.000105959,2.8914e-05,0.000625765,9.65574e-06,0,0.000770294
221,0.000105927,2.89096e-05,0.000625702,9.67392e-06,0,0.000770213
222,0.000105894,2.89052e-05,0.00062564,9.69211e-06,0,0.000770131
223,0.000105862,2.89008e-05,0.000625578,9.71032e-06,0,0.000770051
224,0.00010583,2.88965e-05,0.000625516,9.72853e-06,0,0.00076997
225,0.000105797,2.88921e-05,0.000625454,9.74676e-06,0,0.00076989
226,0.000105765,2.88878e-05,0.000625392,9.76499e-06,0,0.00076981
227,0.000105733,2.88834e-05,0.000625331,9.78324e-06,0,0.000769731
228,0.000105702,2.88791e-05,0.000625269,9.8015e-06,0,0.000769652
229,0.00010567,2.88748e-05,0.000625208,9.81977e-06,0,0.000769573
230,0.000105638,2.88705e-05,0.000625147,9.83804e-06,0,0.000769494
231,0.000105607,2.88663e-05,0.000625087,9.85633e-06,0,0.000769416
232,0.000105575,2.8862e-05,0.000625026,9.87464e-06,0,0.000769338
233,0.000105544,2.88578e-05,0.000624966,9.89295e-06,0,0.00076926
234,0.000105512,2.88535e-05,0.000624906,9.91127e-06,0,0.000769183
235,0.000105481,2.88493e-05,0.000624846,9.9296e-06,0,0.000769106
236,0.00010545,2.88451e-05,0.000624786,9.94794e-06,0,0.000769029
237,0.000105419,2.88409e-05,0.000624727,9.9663e-06,0,0.000768953
238,0.000105388,2.88367e-05,0.000624667,9.98466e-06,0,0.000768877
239,0.000105357,2.88326e-05,0.000624608,1.0003e-05,0,0.000768801
240,0.000105327,2.88284e-05,0.000624549,1.00214e-05,0,0.000768726
241,0.000105296,2.88243e-05,0.00062449,1.00398e-05,0,0.00076865
242,0.000105265,2.88201e-05,0.000624432,1.00582e-05,0,0.000768576
243,0.000105235,2.8816e-05,0.000624374,1.00766e-05,0,0.000768501
244,0.000105204,2.88119e-05,0.000624315,1.00951e-05,0,0.000768427
245,0.000105174,2.88078e-05,0.000624257,1.01135e-05,0,0.000768353
246,0.000105144,2.88038e-05,0.0006242,1.01319e-05,0,0.000768279
247,0.000105114,2.87997e-05,0.000624142,1.01504e-05,0,0.000768206
248,0.000105084,2.87957e-05,0.000624084,1.01689e-05,0,0.000768133
249,0.000105054,2.87916e-05,0.000624027,1.01873e-05,0,0.00076806
250,0.000105024,2.87876e-05,0.00062397,1.02058e-05,0,0.000767988
251,0.000104994,2.87836e-05,0.000623913,1.02243e-05,0,0.000767915
252,0.000104965,2.87796e-05,0.000623857,1.02428e-05,0,0.000767844
253,0.000104935,2.87756e-05,0.0006238,1.02613e-05,0,0.000767772
254,0.000104906,2.87716e-05,0.000623744,1.02799e-05,0,0.000767701
255,0.000104876,2.87677e-05,0.000623688,1.02984e-05,0,0.00076763
256,0.000104847,2.87637e-05,0.000623632,1.03169e-05,0,0.000767559
257,0.000104818,2.87598e-05,0.000623576,1.03355e-05,0,0.000767489
258,0.000104788,2.87558e-05,0.00062352,1.0354e-05,0,0.000767418
259,0.000104759,2.87519e-05,0.000623465,1.03726e-05,0,0.000767349
260,0.00010473,2.8748e-05,0.00062341,1.03912e-05,0,0.000767279
261,0.000104701,2.87441e-05,0.000623354,1.04098e-05,0,0.00076721
262,0.000104673,2.87403e-05,0.0006233,1.04284e-05,0,0.000767141
263,0.000104644,2.87364e-05,0.000623245,1.0447e-05,0,0.000767072
264,0.000104615,2.87326e-05,0.00062319,1.04656e-05,0,0.000767004
265,0.000104587,2.87287e-05,0.000623136,1.04842e-05,0,0.000766936
266,0.000104558,2.87249e-05,0.000623082,1.05029e-05,0,0.000766868
267,0.00010453,2.87211e-05,0.000623028,1.05215e-05,0,0.0007668
268,0.000104502,2.87173e-05,0.000622974,1.05402e-05,0,0.000766733
269,0.000104473,2.87135e-05,0.00062292,1.05588e-05,0,0.000766666
270,0.000104445,2.87097e-05,0.000622867,1.05775e-05,0,0.000766599
271,0.000104417,2.87059e-05,0.000622813,1.05962e-05,0,0.000766533
272,0.000104389,2.87022e-05,0.00062276,1.06149e-05,0,0.000766466
273,0.000104361,2.86984e-05,0.000622707,1.06336e-05,0,0.000766401
274,0.000104334,2.86947e-05,0.000622654,1.06523e-05,0,0.000766335
275,0.000104306,2.8691e-05,0.000622602,1.0671e-05,0,0.00076627
276,0.000104278,2.86873e-05,0.000622549,1.06897e-05,0,0.000766204
277,0.000104251,2.86836e-05,0.000622497,1.07084e-05,0,0.00076614
278,0.000104223,2.86799e-05,0.000622445,1.07272e-05,0,0.000766075
279,0.000104196,2.86762e-05,0.000622393,1.07459e-05,0,0.000766011
280,0.000104169,2.86725e-05,0.000622341,1.07647e-05,0,0.000765947
281,0.000104141,2.86689e-05,0.000622289,1.07834e-05,0,0.000765883
282,0.000104114,2.86652e-05,0.000622238,1.08022e-05,0,0.00076582
283,0.000104087,2.86616e-05,0.000622187,1.0821e-05,0,0.000765756
284,0.00010406,2.8658e-05,0.000622136,1.08398e-05,0,0.000765693
285,0.000104033,2.86544e-05,0.000622085,1.08586e-05,0,0.000765631
286,0.000104006,2.86508e-05,0.000622034,1.08774e-05,0,0.000765568
287,0.00010398,2.86472e-05,0.000621983,1.08962e-05,0,0.000765506
288,0.000103953,2.86436e-05,0.000621933,1.0915e-05,0,0.000765444
289,0.000103926,2.86401e-05,0.000621882,1.09338e-05,0,0.000765383
290,0.0001039,2.86365e-05,0.000621832,1.09527e-05,0,0.000765321
291,0.000103873,2.8633e-05,0.000621782,1.09715e-05,0,0.00076526
292,0.000103847,2.86294e-05,0.000621732,1.09904e-05,0,0.000765199
293,0.000103821,2.86259e-05,0.000621683,1.10092e-05,0,0.000765139
294,0.000103795,2.86224e-05,0.000621633,1.10281e-05,0,0.000765078
295,0.000103769,2.86189e-05,0.000621584,1.1047e-05,0,0.000765018
296,0.000103743,2.86154e-05,0.000621534,1.10658e-05,0,0.000764958
297,0.000103717,2.8612e-05,0.000621485,1.10847e-05,0,0.000764899
298,0.000103691,2.86085e-05,0.000621436,1.11036e-05,0,0.000764839
299,0.000103665,2.8605e-05,0.000621388,1.11225e-05,0,0.00076478
300,0.000103639,2.86016e-05,0.000621339,1.11414e-05,0,0.000764721
301,0.000103614,2.85982e-05,0.000621291,1.11604e-05,0,0.000764663
302,0.000103588,2.85947e-05,0.000621242,1.11793e-05,0,0.000764604
303,0.000103562,2.85913e-05,0.000621194,1.11982e-05,0,0.000764546
304,0.000103537,2.85879e-05,0.000621146,1.12172e-05,0,0.000764489
305,0.000103512,2.85845e-05,0.000621099,1.12361e-05,0,0.000764431
306,0.000103486,2.85812e-05,0.000621051,1.12551e-05,0,0.000764374
307,0.000103461,2.85778e-05,0.000621003,1.12741e-05,0,0.000764316
308,0.000103436,2.85744e-05,0.000620956,1.1293e-05,0,0.00076426
309,0.000103411,2.85711e-05,0.000620909,1.1312e-05,0,0.000764203
310,0.000103386,2.85677e-05,0.000620862,1.1331e-05,0,0.000764147
311,0.000103361,2.85644e-05,0.000620815,1.135e-05,0,0.000764091
312,0.000103336,2.85611e-05,0.000620768,1.1369e-05,0,0.000764035
313,0.000103312,2.85578e-05,0.000620722,1.1388e-05,0,0.000763979
314,0.000103287,2.85545e-05,0.000620675,1.1407e-05,0,0.000763924
315,0.000103262,2.85512e-05,0.000620629,1.1426e-05,0,0.000763868
316,0.000103238,2.85479e-05,0.000620583,1.14451e-05,0,0.000763814
317,0.000103213,2.85447e-05,0.000620537,1.14641e-05,0,0.000763759
318,0.000103189,2.85414e-05,0.000620491,1.14831e-05,0,0.000763704
319,0.000103165,2.85382e-05,0.000620445,1.15022e-05,0,0.00076365
320,0.000103141,2.85349e-05,0.000620399,1.15213e-05,0,0.000763596
321,0.000103116,2.85317e-05,0.000620354,1.15403e-05,0,0.000763542
322,0.000103092,2.85285e-05,0.000620309,1.15594e-05,0,0.000763489
323,0.000103068,2.85253e-05,0.000620264,1.15785e-05,0,0.000763436
324,0.000103044,2.85221e-05,0.000620219,1.15976e-05,0,0.000763383
325,0.00010302,2.85189e-05,0.000620174,1.16166e-05,0,0.00076333
326,0.000102997,2.85157e-05,0.000620129,1.16357e-05,0,0.000763277
327,0.000102973,2.85126e-05,0.000620084,1.16548e-05,0,0.000763225
328,0.000102949,2.85094e-05,0.00062004,1.1674e-05,0,0.000763173
329,0.000102926,2.85063e-05,0.000619996,1.16931e-05,0,0.000763121
330,0.000102902,2.85031e-05,0.000619952,1.17122e-05,0,0.000763069
331,0.000102879,2.85e-05,0.000619908,1.17313e-05,0,0.000763018
332,0.000102855,2.84969e-05,0.000619864,1.17505e-05,0,0.000762967
333,0.000102832,2.84938e-05,0.00061982,1.17696e-05,0,0.000762916
334,0.000102809,2.84907e-05,0.000619776,1.17888e-05,0,0.000762865
335,0.000102786,2.84876e-05,0.000619733,1.18079e-05,0,0.000762814
336,0.000102763,2.84845e-05,0.00061969,1.18271e-05,0,0.000762764
337,0.00010274,2.84814e-05,0.000619647,1.18462e-05,0,0.000762714
338,0.000102717,2.84784e-05,0.000619604,1.18654e-05,0,0.000762664
339,0.000102694,2.84753e-05,0.000619561,1.18846e-05,0,0.000762614
340,0.000102671,2.84723e-05,0.000619518,1.19038e-05,0,0.000762565
341,0.000102648,2.84692e-05,0.000619475,1.1923e-05,0,0.000762516
342,0.000102625,2.84662e-05,0.000619433,1.19422e-05,0,0.000762467
343,0.000102603,2.84632e-05,0.00061939,1.19614e-05,0,0.000762418
344,0.00010258,2.84602e-05,0.000619348,1.19806e-05,0,0.000762369
345,0.000102558,2.84572e-05,0.000619306,1.19998e-05,0,0.000762321
346,0.000102535,2.84542e-05,0.000619264,1.2019e-05,0,0.000762273
347,0.000102513,2.84512e-05,0.000619222,1.20383e-05,0,0.000762225
348,0.000102491,2.84483e-05,0.000619181,1.20575e-05,0,0.000762177
349,0.000102469,2.84453e-05,0.000619139,1.20767e-05,0,0.00076213
350,0.000102446,2.84424e-05,0.000619098,1.2096e-05,0,0.000762083
351,0.000102424,2.84394e-05,0.000619056,1.21152e-05,0,0.000762035
352,0.000102402,2.84365e-05,0.000619015,1.21345e-05,0,0.000761989
353,0.00010238,2.84336e-05,0.000618974,1.21538e-05,0,0.000761942
354,0.000102359,2.84306e-05,0.000618933,1.2173e-05,0,0.000761896
355,0.000102337,2.84277e-05,0.000618893,1.21923e-05,0,0.000761849
356,0.000102315,2.84248e-05,0.000618852,1.22116e-05,0,0.000761803
357,0.000102293,2.8422e-05,0.000618811,1.22309e-05,0,0.000761758
358,0.000102272,2.84191e-05,0.000618771,1.22502e-05,0,0.000761712
359,0.00010225,2.84162e-05,0.000618731,1.22695e-05,0,0.000761667
360,0.000102229,2.84134e-05,0.000618691,1.22888e-05,0,0.000761622
361,0.000102207,2.84105e-05,0.000618651,1.23081e-05,0,0.000761577
362,0.000102186,2.84077e-05,0.000618611,1.23274e-05,0,0.000761532
363,0.000102165,2.84048e-05,0.000618571,1.23467e-05,0,0.000761487
364,0.000102143,2.8402e-05,0.000618531,1.23661e-05,0,0.000761443
365,0.000102122,2.83992e-05,0.000618492,1.23854e-05,0,0.000761399
366,0.000102101,2.83964e-05,0.000618453,1.24047e-05,0,0.000761355
367,0.00010208,2.83936e-05,0.000618413,1.24241e-05,0,0.000761311
368,0.000102059,2.83908e-05,0.000618374,1.24434e-05,0,0.000761268
369,0.000102038,2.8388e-05,0.000618335,1.24628e-05,0,0.000761224
370,0.000102017,2.83852e-05,0.000618296,1.24821e-05,0,0.000761181
371,0.000101997,2.83825e-05,0.000618258,1.25015e-05,0,0.000761138
372,0.000101976,2.83797e-05,0.000618219,1.25209e-05,0,0.000761095
373,0.000101955,2.8377e-05,0.00061818,1.25402e-05,0,0.000761053
374,0.000101935,2.83742e-05,0.000618142,1.25596e-05,0,0.000761011
375,0.000101914,2.83715e-05,0.000618104,1.2579e-05,0,0.000760968
376,0.000101894,2.83688e-05,0.000618066,1.25984e-05,0,0.000760926
377,0.000101873,2.8366e-05,0.000618028,1.26178e-05,0,0.000760885
378,0.000101853,2.83633e-05,0.00061799,1.26372e-05,0,0.000760843
379,0.000101833,2.83606e-05,0.000617952,1.26566e-05,0,0.000760802
380,0.000101812,2.83579e-05,0.000617914,1.2676e-05,0,0.000760761
381,0.000101792,2.83553e-05,0.000617877,1.26954e-05,0,0.00076072
382,0.000101772,2.83526e-05,0.000617839,1.27148e-05,0,0.000760679
383,0.000101752,2.83499e-05,0.000617802,1.27343e-05,0,0.000760638
384,0.000101732,2.83473e-05,0.000617765,1.27537e-05,0,0.000760598
385,0.000101712,2.83446e-05,0.000617728,1.27731e-05,0,0.000760558
386,0.000101692,2.8342e-05,0.000617691,1.27926e-05,0,0.000760518
387,0.000101672,2.83393e-05,0.000617654,1.2812e-05,0,0.000760478
388,0.000101653,2.83367e-05,0.000617617,1.28315e-05,0,0.000760438
389,0.000101633,2.83341e-05,0.000617581,1.28509e-05,0,0.000760399
390,0.000101613,2.83315e-05,0.000617544,1.28704e-05,0,0.00076036
391,0.000101594,2.83289e-05,0.000617508,1.28899e-05,0,0.00076032
392,0.000101574,2.83263e-05,0.000617472,1.29093e-05,0,0.000760282
393,0.000101555,2.83237e-05,0.000617435,1.29288e-05,0,0.000760243
394,0.000101535,2.83211e-05,0.000617399,1.29483e-05,0,0.000760204
395,0.000101516,2.83186e-05,0.000617363,1.29678e-05,0,0.000760166
396,0.000101497,2.8316e-05,0.000617328,1.29873e-05,0,0.000760128
397,0.000101478,2.83134e-05,0.000617292,1.30068e-05,0,0.00076009
398,0.000101459,2.83109e-05,0.000617256,1.30263e-05,0,0.000760052
399,0.000101439,2.83084e-05,0.000617221,1.30458e-05,0,0.000760015
400,0.00010142,2.83058e-05,0.000617186,1.30653e-05,0,0.000759977
