0,0.00242358,2.94244e-05,1.89226e-06,0.000386043,0,0.00284094
1,0.00241048,2.83323e-05,5.15958e-06,0.000403058,0,0.00284703
2,0.00239624,2.71979e-05,1.06371e-05,0.000419201,0,0.00285328
3,0.0023811,2.60811e-05,1.87212e-05,0.000433737,0,0.00285964
4,0.0023653,2.50328e-05,2.96845e-05,0.000446081,0,0.00286609
5,0.00234906,2.40951e-05,4.36511e-05,0.00045584,0,0.00287264
6,0.00233331,2.32152e-05,6.05932e-05,0.000462771,0,0.00287989
7,0.0023178,2.25416e-05,8.01927e-05,0.000474271,0,0.0028948
8,0.00230324,2.18264e-05,0.00010217,0.000478696,0,0.00290593
9,0.00228732,2.15649e-05,0.000126121,0.000487639,0,0.00292265
10,0.00227564,2.13142e-05,0.000151338,0.00047983,0,0.00292812
11,0.00226424,2.13181e-05,0.000177131,0.000478973,0,0.00294166
12,0.00225513,2.12807e-05,0.00020283,0.000475339,0,0.00295458
13,0.00224061,2.16553e-05,0.000227888,0.000464596,0,0.00295475
14,0.00222618,2.24589e-05,0.000251333,0.000494079,0,0.00299405
15,0.00221441,2.32447e-05,0.000272515,0.000482321,0,0.00299249
16,0.00221291,2.37044e-05,0.00029094,0.000464808,0,0.00299237
17,0.00221945,2.3726e-05,0.000305953,0.000442887,0,0.00299202
18,0.00220751,2.46605e-05,0.00031757,0.000437045,0,0.00298679
19,0.0021964,2.5641e-05,0.000325155,0.000480997,0,0.00302819
20,0.00218981,2.65381e-05,0.000328995,0.000475514,0,0.00302085
21,0.00219199,2.72061e-05,0.000328996,0.000455519,0,0.00300371
22,0.00219687,2.75925e-05,0.000325304,0.000440218,0,0.00298998
23,0.00220452,2.78179e-05,0.000318191,0.000440422,0,0.00299095
24,0.00220636,2.77387e-05,0.000307918,0.000454946,0,0.00299697
25,0.00220375,2.83046e-05,0.000295159,0.000460766,0,0.00298797
26,0.00220751,2.87501e-05,0.000279982,0.000459485,0,0.00297572
27,0.00221332,2.87758e-05,0.000263136,0.000463545,0,0.00296878
28,0.00222146,2.84345e-05,0.000244866,0.000476733,0,0.0029715
29,0.00222947,2.81956e-05,0.000225748,0.000475456,0,0.00295887
30,0.00223957,2.77919e-05,0.000206234,0.000477024,0,0.00295062
31,0.00224949,2.73271e-05,0.000186578,0.00048244,0,0.00294584
32,0.0022566,2.69374e-05,0.0001673,0.000480357,0,0.0029312
33,0.00227253,2.6048e-05,0.000148549,0.000483212,0,0.00293034
34,0.00227874,2.55445e-05,0.00013072,0.000480123,0,0.00291513
35,0.0022888,2.45353e-05,0.000113995,0.000509731,0,0.00293707
36,0.00229758,2.39033e-05,9.83712e-05,0.000493479,0,0.00291334
37,0.00230993,2.29207e-05,8.41372e-05,0.000512588,0,0.00292957
38,0.00232139,2.20093e-05,7.11998e-05,0.000503955,0,0.00291855
39,0.00232819,2.1503e-05,5.96977e-05,0.000491429,0,0.00290082
40,0.00235604,1.96701e-05,4.96014e-05,0.000483532,0,0.00290885
41,0.00236355,1.90497e-05,4.08791e-05,0.000464482,0,0.00288796
42,0.00236131,1.8823e-05,3.34726e-05,0.000476181,0,0.00288978
43,0.00237208,1.80934e-05,2.72616e-05,0.00050333,0,0.00292077
44,0.00238001,1.75648e-05,2.21777e-05,0.000486897,0,0.00290665
45,0.00238857,1.68752e-05,1.81198e-05,0.000489463,0,0.00291303
46,0.00240095,1.61254e-05,1.49319e-05,0.000487991,0,0.00292
47,0.00240346,1.57201e-05,1.25039e-05,0.000472543,0,0.00290423
48,0.00241457,1.52867e-05,1.07335e-05,0.000464495,0,0.00290508
49,0.00242062,1.47368e-05,9.52242e-06,0.000450624,0,0.0028955
50,0.00243135,1.43345e-05,8.83841e-06,0.000448625,0,0.00290315
51,0.00243116,1.39871e-05,8.59879e-06,0.000454166,0,0.00290792
52,0.00242959,1.39585e-05,8.83141e-06,0.00046163,0,0.00291401
53,0.00242769,1.37139e-05,9.50264e-06,0.000461083,0,0.00291199
54,0.00241897,1.37876e-05,1.06855e-05,0.000476467,0,0.00291991
55,0.00241432,1.36776e-05,1.2401e-05,0.000499054,0,0.00293945
56,0.00240713,1.35545e-05,1.47391e-05,0.000492433,0,0.00292785
57,0.0024102,1.30767e-05,1.78142e-05,0.000520351,0,0.00296144
58,0.0024019,1.29211e-05,2.16046e-05,0.000501409,0,0.00293784
59,0.00239736,1.3093e-05,2.63403e-05,0.000487634,0,0.00292442
60,0.00239084,1.33566e-05,3.19756e-05,0.000477904,0,0.00291407
61,0.0023826,1.29393e-05,3.8591e-05,0.000504829,0,0.00293896
62,0.00236959,1.33843e-05,4.62182e-05,0.000501407,0,0.0029306
63,0.00235512,1.37978e-05,5.4717e-05,0.000542481,0,0.00296611
64,0.00234586,1.40104e-05,6.41481e-05,0.000524962,0,0.00294898
65,0.00234544,1.42899e-05,7.42535e-05,0.000530445,0,0.00296443
66,0.00234221,1.39629e-05,8.50296e-05,0.000513246,0,0.00295445
67,0.00232685,1.49636e-05,9.61646e-05,0.000510424,0,0.00294841
68,0.00232147,1.47081e-05,0.000107618,0.000531359,0,0.00297516
69,0.00230215,1.60284e-05,0.000119033,0.000514002,0,0.00295121
70,0.00229864,1.59369e-05,0.000130241,0.000552127,0,0.00299694
71,0.00228917,1.70755e-05,0.000140985,0.00050791,0,0.00295514
72,0.00228558,1.72805e-05,0.000151166,0.000514795,0,0.00296882
73,0.0022791,1.82526e-05,0.0001605,0.000486093,0,0.00294395
74,0.00227781,1.80487e-05,0.000168898,0.000509835,0,0.0029746
75,0.00227041,1.89426e-05,0.000176042,0.000483077,0,0.00294847
76,0.00226963,1.83914e-05,0.000181921,0.000528302,0,0.00299825
77,0.00226312,1.91037e-05,0.000186293,0.000496132,0,0.00296465
78,0.00225904,1.93459e-05,0.000189223,0.000530441,0,0.00299804
79,0.00225499,2.00745e-05,0.000190586,0.000502332,0,0.00296798
80,0.00225316,2.0421e-05,0.00019059,0.000534328,0,0.0029985
81,0.00224855,2.1212e-05,0.000189162,0.000510466,0,0.00296939
82,0.00226039,2.11859e-05,0.000186559,0.000485887,0,0.00295402
83,0.00225623,2.20259e-05,0.000182732,0.000481653,0,0.00294264
84,0.00226817,2.00682e-05,0.000178163,0.000520704,0,0.00298711
85,0.00228185,2.02299e-05,0.000172267,0.000470526,0,0.00294488
86,0.00226859,2.13179e-05,0.000165826,0.000484236,0,0.00293997
87,0.00225923,2.20854e-05,0.000158737,0.000495426,0,0.00293548
88,0.00227168,2.09992e-05,0.000151441,0.0004955,0,0.00293962
89,0.00227252,2.10473e-05,0.000143572,0.000501852,0,0.00293899
90,0.00228014,2.03466e-05,0.000135687,0.000526213,0,0.00296238
91,0.00228429,2.0343e-05,0.000127473,0.000517972,0,0.00295008
92,0.00229395,1.94604e-05,0.000119414,0.000536492,0,0.00296931
93,0.00229644,1.93935e-05,0.00011122,0.000521801,0,0.00294886
94,0.00230543,1.8332e-05,0.000103413,0.000545282,0,0.00297246
95,0.00230682,1.82232e-05,9.56056e-05,0.00052841,0,0.00294906
96,0.00231493,1.71335e-05,8.83304e-05,0.000554235,0,0.00297462
97,0.002318,1.68237e-05,8.11672e-05,0.000537665,0,0.00295366
98,0.00232722,1.58193e-05,7.44974e-05,0.000535693,0,0.00295323
99,0.00234206,1.47665e-05,6.82872e-05,0.000546312,0,0.00297142
100,0.00234699,1.44466e-05,6.2313e-05,0.000531572,0,0.00295532
